      
                      000000000000000000000000000
                      0	             0 	        0
                      0	                camera  0
                      0     sala     0  reale   0     
                      0    trofei    0          0          1 PIANO 
                      0	             00000  00000	 
                      0              0  tesoro  0
                      0	             0          0
                      000000    00000000000000000
                            |  |
                            |  |
                            |  |                    
                      000000    00000000000000000
                      0	              0 	    0
               _______0     salone       sala   0 
    	PONTE  _______ 	              0  pranzo 0         
                      0	              0         0        PIANO TERRA
                      0000000000000000000   00000	       	 
                      0       corridoio         0
                      0	                        0
                      0000000    0000000000000000
                             |  |
                             |  |
                             |  |
                      0000000    0000000000000000
                      0            	            0
                      0	       segrete          0
                      0 	                    0
                      0	       	                0         SEGRETE
                      0000 00000000 0000000 00000	       	 
                      0       0        0        0
                      0  n.1  0  n.2   0  n.3   0
                      000000000000000000000000000
